1 0.8212890625 0.3505859375 0.046875 0.03125
1 0.4443359375 0.3828125 0.0166015625 0.0283203125
0 0.1416015625 0.0888671875 0.0244140625 0.0615234375
1 0.2763671875 0.1494140625 0.0087890625 0.0166015625
1 0.4267578125 0.2568359375 0.0107421875 0.017578125
1 0.291015625 0.1630859375 0.0078125 0.013671875
1 0.2529296875 0.2080078125 0.0068359375 0.01171875
1 0.185546875 0.2763671875 0.0126953125 0.013671875
1 0.21875 0.1962890625 0.0087890625 0.0146484375
1 0.236328125 0.1611328125 0.0068359375 0.0126953125
1 0.28515625 0.1904296875 0.005859375 0.013671875