1 0.8134765625 0.333984375 0.0283203125 0.0234375
1 0.4306640625 0.3525390625 0.01171875 0.0263671875
0 0.1416015625 0.0810546875 0.0244140625 0.060546875
1 0.279296875 0.1455078125 0.009765625 0.015625
1 0.4072265625 0.2412109375 0.0087890625 0.0126953125
1 0.30078125 0.1484375 0.0068359375 0.015625
1 0.2568359375 0.2099609375 0.005859375 0.0126953125
1 0.189453125 0.275390625 0.009765625 0.01171875
1 0.216796875 0.1962890625 0.009765625 0.013671875
1 0.2470703125 0.166015625 0.0068359375 0.013671875
1 0.2861328125 0.1923828125 0.0087890625 0.0166015625