1 0.771484375 0.3115234375 0.041015625 0.03515625
1 0.3857421875 0.330078125 0.0185546875 0.0244140625
0 0.1396484375 0.0849609375 0.025390625 0.060546875
1 0.310546875 0.162109375 0.009765625 0.017578125
1 0.330078125 0.205078125 0.0078125 0.0166015625
1 0.283203125 0.0947265625 0.0068359375 0.0126953125
1 0.2275390625 0.248046875 0.0087890625 0.0146484375
1 0.125 0.3046875 0.01171875 0.0166015625
1 0.26171875 0.23046875 0.0068359375 0.0166015625
1 0.2939453125 0.125 0.0087890625 0.0126953125
1 0.3427734375 0.2412109375 0.0087890625 0.0146484375