1 0.7626953125 0.2998046875 0.02734375 0.0263671875
1 0.380859375 0.333984375 0.0224609375 0.0263671875
0 0.138671875 0.0888671875 0.025390625 0.060546875
1 0.310546875 0.1650390625 0.0087890625 0.015625
1 0.328125 0.2021484375 0.0068359375 0.0166015625
1 0.2841796875 0.1005859375 0.0078125 0.01171875
1 0.224609375 0.244140625 0.0107421875 0.015625
1 0.1240234375 0.298828125 0.0146484375 0.0185546875
1 0.26171875 0.2294921875 0.0068359375 0.0166015625
1 0.2919921875 0.1279296875 0.0087890625 0.01171875
1 0.34375 0.2412109375 0.009765625 0.0185546875