1 0.369140625 0.0712890625 0.009765625 0.013671875
1 0.3857421875 0.16796875 0.0146484375 0.01953125
1 0.3505859375 0.1484375 0.009765625 0.0126953125
0 0.1689453125 0.0791015625 0.0244140625 0.0625
1 0.35546875 0.1787109375 0.0166015625 0.017578125
1 0.435546875 0.1787109375 0.009765625 0.013671875
1 0.765625 0.3271484375 0.0068359375 0.0185546875
1 0.1396484375 0.28515625 0.015625 0.03125
1 0.2470703125 0.2666015625 0.0078125 0.0146484375
1 0.3056640625 0.2666015625 0.0087890625 0.01953125
1 0.3916015625 0.271484375 0.0087890625 0.015625
1 0.40625 0.314453125 0.009765625 0.0166015625
1 0.3896484375 0.3369140625 0.0107421875 0.01953125