1 0.5517578125 0.240234375 0.0107421875 0.0166015625
1 0.6162109375 0.384765625 0.0234375 0.0400390625
1 0.564453125 0.3486328125 0.0126953125 0.0205078125
0 0.2958984375 0.2568359375 0.029296875 0.07421875
1 0.5625 0.3671875 0.0107421875 0.0185546875
1 0.6748046875 0.3916015625 0.01171875 0.01953125
1 0.3232421875 0.5712890625 0.017578125 0.0263671875
1 0.4677734375 0.57421875 0.009765625 0.017578125
1 0.544921875 0.5380859375 0.0107421875 0.0224609375
1 0.6669921875 0.55859375 0.0166015625 0.0224609375
1 0.701171875 0.6396484375 0.0166015625 0.0244140625
1 0.7001953125 0.66796875 0.013671875 0.0234375