1 0.5546875 0.2412109375 0.009765625 0.0166015625
1 0.6201171875 0.380859375 0.0244140625 0.0380859375
1 0.5732421875 0.3447265625 0.0087890625 0.021484375
0 0.2958984375 0.2568359375 0.029296875 0.07421875
1 0.56640625 0.36328125 0.01171875 0.021484375
1 0.677734375 0.3876953125 0.009765625 0.015625
1 0.3291015625 0.5693359375 0.013671875 0.033203125
1 0.4736328125 0.5712890625 0.009765625 0.01953125
1 0.546875 0.529296875 0.009765625 0.0244140625
1 0.6748046875 0.552734375 0.0224609375 0.021484375
1 0.7041015625 0.634765625 0.017578125 0.0244140625
1 0.7041015625 0.6650390625 0.013671875 0.0244140625