0 0.474609375 0.037109375 0.021484375 0.0576171875
1 0.658203125 0.212890625 0.01171875 0.0205078125
1 0.65234375 0.255859375 0.01171875 0.0185546875
1 0.443359375 0.17578125 0.005859375 0.013671875
1 0.630859375 0.3212890625 0.01171875 0.01953125
1 0.583984375 0.3984375 0.01171875 0.0205078125
1 0.49609375 0.33984375 0.009765625 0.017578125
1 0.427734375 0.404296875 0.0087890625 0.0205078125
1 0.341796875 0.15234375 0.0107421875 0.017578125
1 0.42578125 0.2607421875 0.0087890625 0.0185546875
1 0.341796875 0.4150390625 0.0205078125 0.02734375
1 0.587890625 0.6767578125 0.017578125 0.033203125