0 0.4755859375 0.109375 0.0244140625 0.064453125
1 0.7001953125 0.357421875 0.013671875 0.0244140625
1 0.693359375 0.4150390625 0.0126953125 0.0234375
1 0.4453125 0.296875 0.009765625 0.0166015625
1 0.6748046875 0.4951171875 0.0126953125 0.0263671875
1 0.6259765625 0.626953125 0.017578125 0.0302734375
1 0.5068359375 0.53125 0.013671875 0.0234375
1 0.42578125 0.6474609375 0.01171875 0.021484375
1 0.326171875 0.2685546875 0.01171875 0.0205078125
1 0.4501953125 0.4130859375 0.0107421875 0.0234375
1 0.3154296875 0.662109375 0.03125 0.0419921875