1 0.6025390625 0.294921875 0.0107421875 0.01953125
1 0.5 0.2138671875 0.01171875 0.021484375
0 0.6650390625 0.109375 0.0244140625 0.0595703125
1 0.8125 0.4619140625 0.01171875 0.021484375
1 0.79296875 0.521484375 0.0126953125 0.025390625
1 0.392578125 0.560546875 0.01171875 0.0205078125
1 0.3759765625 0.5791015625 0.0126953125 0.0224609375
1 0.6982421875 0.5458984375 0.02734375 0.0302734375
1 0.466796875 0.609375 0.021484375 0.02734375
1 0.5380859375 0.5380859375 0.01953125 0.0283203125
1 0.69921875 0.78515625 0.0185546875 0.0419921875
1 0.7744140625 0.5673828125 0.0126953125 0.021484375