1 0.900390625 0.8779296875 0.0263671875 0.0224609375
0 0.599609375 0.38671875 0.021484375 0.0546875
1 0.4287109375 0.4912109375 0.009765625 0.0166015625
1 0.5732421875 0.5615234375 0.0107421875 0.021484375
1 0.3212890625 0.7802734375 0.01953125 0.021484375
1 0.4462890625 0.767578125 0.0126953125 0.0263671875
1 0.38671875 0.826171875 0.017578125 0.0234375
1 0.3134765625 0.8154296875 0.0166015625 0.0263671875
1 0.6923828125 0.7392578125 0.0146484375 0.025390625
1 0.6767578125 0.779296875 0.0107421875 0.025390625
1 0.712890625 0.7265625 0.017578125 0.0224609375