1 0.845703125 0.7919921875 0.0205078125 0.0224609375
0 0.5556640625 0.3623046875 0.0205078125 0.0498046875
1 0.3935546875 0.455078125 0.0068359375 0.0166015625
1 0.521484375 0.515625 0.009765625 0.0185546875
1 0.2763671875 0.7080078125 0.013671875 0.0224609375
1 0.3818359375 0.6962890625 0.0166015625 0.0244140625
1 0.3291015625 0.744140625 0.013671875 0.0205078125
1 0.26171875 0.7333984375 0.013671875 0.0244140625
1 0.61328125 0.677734375 0.0185546875 0.0244140625
1 0.595703125 0.7060546875 0.01171875 0.0205078125
1 0.5107421875 0.9482421875 0.021484375 0.03125
1 0.6396484375 0.6650390625 0.013671875 0.0224609375