0 0.5966796875 0.2666015625 0.0224609375 0.0576171875
1 0.357421875 0.4453125 0.009765625 0.0185546875
1 0.5341796875 0.5849609375 0.0107421875 0.01953125
1 0.609375 0.5810546875 0.0107421875 0.01953125
1 0.69921875 0.767578125 0.0126953125 0.0263671875
1 0.4228515625 0.736328125 0.015625 0.0283203125
1 0.3251953125 0.7216796875 0.0166015625 0.0244140625
1 0.3623046875 0.7568359375 0.01171875 0.025390625
1 0.369140625 0.87109375 0.013671875 0.0390625
1 0.564453125 0.8291015625 0.0087890625 0.0244140625
1 0.6318359375 0.7802734375 0.0146484375 0.025390625