1 0.5966796875 0.44921875 0.0234375 0.0166015625
1 0.6025390625 0.556640625 0.015625 0.013671875
0 0.25 0.47265625 0.01953125 0.0517578125
1 0.447265625 0.6943359375 0.013671875 0.0185546875
1 0.7119140625 0.46875 0.005859375 0.0107421875
1 0.6826171875 0.490234375 0.01953125 0.0126953125
1 0.7421875 0.5087890625 0.017578125 0.01171875
1 0.662109375 0.5234375 0.0087890625 0.0146484375
1 0.673828125 0.6025390625 0.009765625 0.015625
1 0.6806640625 0.626953125 0.01171875 0.0146484375
1 0.8916015625 0.583984375 0.01171875 0.0166015625