1 0.5478515625 0.19921875 0.0146484375 0.021484375
1 0.4921875 0.3486328125 0.0068359375 0.009765625
0 0.140625 0.2529296875 0.0234375 0.060546875
1 0.3515625 0.537109375 0.021484375 0.0302734375
1 0.671875 0.216796875 0.0068359375 0.0146484375
1 0.6279296875 0.248046875 0.021484375 0.015625
1 0.6748046875 0.2607421875 0.0244140625 0.0146484375
1 0.5849609375 0.2978515625 0.009765625 0.0166015625
1 0.61328125 0.41015625 0.005859375 0.015625
1 0.6171875 0.4482421875 0.0126953125 0.0205078125
1 0.8779296875 0.37109375 0.01953125 0.021484375