1 0.5263671875 0.2626953125 0.033203125 0.021484375
1 0.4609375 0.4228515625 0.0126953125 0.015625
0 0.0966796875 0.3232421875 0.0263671875 0.0634765625
1 0.3134765625 0.6240234375 0.0205078125 0.0283203125
1 0.654296875 0.2744140625 0.0087890625 0.0146484375
1 0.5986328125 0.310546875 0.009765625 0.013671875
1 0.642578125 0.326171875 0.025390625 0.015625
1 0.5458984375 0.3671875 0.0078125 0.013671875
1 0.5732421875 0.48828125 0.015625 0.0224609375
1 0.583984375 0.5283203125 0.0126953125 0.025390625
1 0.8623046875 0.4521484375 0.0224609375 0.0263671875