1 0.5078125 0.287109375 0.017578125 0.0205078125
1 0.435546875 0.44140625 0.0078125 0.0146484375
0 0.083984375 0.34375 0.0263671875 0.06640625
1 0.3017578125 0.65234375 0.0185546875 0.03125
1 0.63671875 0.283203125 0.009765625 0.0146484375
1 0.5732421875 0.333984375 0.0068359375 0.0166015625
1 0.6064453125 0.353515625 0.0263671875 0.013671875
1 0.5087890625 0.392578125 0.0146484375 0.01953125
1 0.5498046875 0.5087890625 0.0107421875 0.0263671875
1 0.560546875 0.560546875 0.0166015625 0.021484375
1 0.828125 0.490234375 0.0263671875 0.021484375